lowpass;butter;6;0;cutoff frequency fc=2000
16000
1.051647e-03;6.309881e-03;1.577470e-02;2.103294e-02;1.577470e-02;6.309881e-03;1.051647e-03;
1;-2.978530e+00;4.136081e+00;-3.259764e+00;1.517279e+00;-3.911172e-01;4.335699e-02;
44100
5.012555e-06;3.007533e-05;7.518832e-05;1.002511e-04;7.518832e-05;3.007533e-05;5.012555e-06;
1;-4.899746e+00;1.008780e+01;-1.115976e+01;6.991043e+00;-2.349986e+00;3.309720e-01;
11025
6.477112e-03;3.886267e-02;9.715668e-02;1.295422e-01;9.715668e-02;3.886267e-02;6.477112e-03;
1;-1.630191e+00;1.773671e+00;-1.065127e+00;4.175206e-01;-9.012681e-02;8.788367e-03;
22050
2.060461e-04;1.236276e-03;3.090691e-03;4.120921e-03;3.090691e-03;1.236276e-03;2.060461e-04;
1;-3.803433e+00;6.303297e+00;-5.755366e+00;3.034301e+00;-8.719982e-01;1.063859e-01;
48000
3.134205e-06;1.880523e-05;4.701307e-05;6.268409e-05;4.701307e-05;1.880523e-05;3.134205e-06;
1;-4.989041e+00;1.044364e+01;-1.173263e+01;7.456192e+00;-2.540287e+00;3.623310e-01;
