treble_boost;yulewalk;6;0;boosting starts at < 1000 and goes upto the half sampling frequency
16000
2.930934e+00;-2.827318e+00;-1.896184e+00;2.418301e+00;1.603806e-01;-4.160662e-01;9.467018e-03;
1;-2.793122e-01;-8.998886e-01;2.992190e-01;2.823167e-01;-1.269659e-02;-7.636975e-03;
16000
2.930934e+00;-2.827318e+00;-1.896184e+00;2.418301e+00;1.603806e-01;-4.160662e-01;9.467018e-03;
1;-2.793122e-01;-8.998886e-01;2.992190e-01;2.823167e-01;-1.269659e-02;-7.636975e-03;
11025
2.962719e+00;-4.099882e+00;3.133068e-01;2.239272e+00;-9.433414e-01;-4.958102e-02;4.258141e-02;
1;-6.248816e-01;-4.389622e-01;5.289358e-01;3.627290e-02;-3.762839e-02;3.171836e-03;
22050
2.901947e+00;-2.512931e+00;-2.141121e+00;1.929088e+00;4.263575e-01;-2.959150e-01;-3.752514e-02;
1;-2.181716e-01;-9.413980e-01;1.404585e-01;2.725817e-01;2.361807e-02;-5.816089e-03;
48000
2.843327e+00;-1.543679e+00;-7.249800e-01;4.761886e-01;-5.710489e-01;1.235198e-01;5.708660e-02;
1;6.754094e-02;-2.797793e-01;5.588778e-02;-1.545335e-01;-5.062733e-02;4.925432e-03;
